
837619138 424 274250
2097023176 1220 274422
241392827 123 274388
78988643 105 276092
416808101 227 275834
4076918119 2248 276870
339167192 174 278770
861898493 504 278308
21045884 13 278803
1460620295 850 279667
1702301684 906 280385
4122598181 2391 279931
737882874 469 279588
1073646358 675 283353
433539721 218 282734
195822350 114 283865
1096922020 584 274968
423042459 246 274422
836698290 446 275125
3805577528 2276 276501
3876964938 2141 276831
586368866 337 277072
1548783133 832 277127
516471896 275 277127 
161521961 94 276947
532783239 275 278874
172779210 103 279029
1041316379 629 279841
1136846631 624 278820
677039634 348 278770
2551828550 1446 283283
227542083 198 284006
1307105043 776 283408
2137686979 1175 274388
301384554 197 274971
609515322 311 275068
142062703 79 275376
51246105 101 283946
