358312893 188 280249
1024506962 696 274971
2137143473 1264 278509
370859091 261 278167
414938873 202 278366
1280183231 703 280364
2917855992 1653 279716
290333887 216 279823
1042242793 632 279760
40731989 84 283049
491718142 278 284036
1365256657 772 281976
1399993035 854 276935
2096866543 1231 280018
1218875506 722 283934
41820383 24 275376
669262821 348 275890
1436777145 820 276437
1128992188 677 279667
427870915 300 279794
1094652991 607 279658
1921876263 1168 281797
980482510 583 283934
201970826 123 281639 
